SplineFontDB: 3.0
FontName: monocore
FullName: monocore
FamilyName: monocore
Weight: Medium
Copyright: Created by Joseph Wecker with FontForge. Copyright 2011 Joseph Wecker.
UComments: "2011-12-5: Created." 
Version: 0.001
ItalicAngle: 0
UnderlinePosition: -150
UnderlineWidth: 50
Ascent: 820
Descent: 180
sfntRevision: 0x00000042
LayerCount: 2
Layer: 0 1 "Back"  1
Layer: 1 1 "Fore"  0
NeedsXUIDChange: 1
XUID: [1021 397 1564468879 12688443]
FSType: 8
OS2Version: 0
OS2_WeightWidthSlopeOnly: 0
OS2_UseTypoMetrics: 1
CreationTime: 1323146645
ModificationTime: 1323149585
PfmFamily: 17
TTFWeight: 500
TTFWidth: 5
LineGap: 0
VLineGap: 0
OS2TypoAscent: 0
OS2TypoAOffset: 1
OS2TypoDescent: 0
OS2TypoDOffset: 1
OS2TypoLinegap: 0
OS2WinAscent: 1
OS2WinAOffset: 1
OS2WinDescent: 0
OS2WinDOffset: 1
HheadAscent: 1
HheadAOffset: 1
HheadDescent: 0
HheadDOffset: 1
OS2Vendor: 'PfEd'
MarkAttachClasses: 1
DEI: 91125
LangName: 1033 
GaspTable: 3 8 2 22 3 65535 3
Encoding: UnicodeBmp
UnicodeInterp: none
NameList: Adobe Glyph List
DisplaySize: -72
AntiAlias: 1
FitToEm: 1
WinInfo: 104 8 2
BeginPrivate: 0
EndPrivate
TeXData: 1 0 0 524288 262144 174762 479199 1048576 174762 783286 444596 497025 792723 393216 433062 380633 303038 157286 324010 404750 52429 2506097 1059062 262144
BeginChars: 65536 1

StartChar: p
Encoding: 112 112 0
Width: 500
VWidth: 0
Flags: HWO
LayerCount: 2
Fore
SplineSet
47.599609375 245.280273438 m 128,-1,1
 47.599609375 328.879882812 47.599609375 328.879882812 107 388.280273438 c 128,-1,2
 166.400390625 447.6796875 166.400390625 447.6796875 250 447.6796875 c 128,-1,3
 333.599609375 447.6796875 333.599609375 447.6796875 393 388.280273438 c 128,-1,4
 452.400390625 328.879882812 452.400390625 328.879882812 452.400390625 245.280273438 c 128,-1,5
 452.400390625 161.6796875 452.400390625 161.6796875 393 102.280273438 c 128,-1,6
 333.599609375 42.8798828125 333.599609375 42.8798828125 250 42.8798828125 c 128,-1,7
 166.400390625 42.8798828125 166.400390625 42.8798828125 107 102.280273438 c 128,-1,0
 47.599609375 161.6796875 47.599609375 161.6796875 47.599609375 245.280273438 c 128,-1,1
47.599609375 245.280273438 m 1,8,-1
 130 245.280273438 l 1,9,-1
 130 -166 l 1,10,-1
 47.599609375 -166 l 1,11,-1
 47.599609375 245.280273438 l 1,8,-1
130.639648438 240.719726562 m 128,-1,13
 130.639648438 190.799804688 130.639648438 190.799804688 166 155.440429688 c 128,-1,14
 201.360351562 120.080078125 201.360351562 120.080078125 251.280273438 120.080078125 c 128,-1,15
 301.200195312 120.080078125 301.200195312 120.080078125 336.559570312 155.440429688 c 128,-1,16
 371.919921875 190.799804688 371.919921875 190.799804688 368.959960938 240.400390625 c 128,-1,17
 366 290 366 290 333.600585938 325.6796875 c 128,-1,18
 301.200195312 361.360351562 301.200195312 361.360351562 251.280273438 361.360351562 c 128,-1,19
 201.360351562 361.360351562 201.360351562 361.360351562 166 326 c 128,-1,12
 130.639648438 290.639648438 130.639648438 290.639648438 130.639648438 240.719726562 c 128,-1,13
EndSplineSet
EndChar
EndChars
EndSplineFont
